
//notes:Yeartide Apex - Rank 2, Tier S by TheAegisRelic
Column 1: Heal Clip, Attrition Orbs, Demolitionist
Column 2: Incandescent, Chaos Reshaped, Burning Ambition
Origin Trait: Tex Balanced Stock
dimwishlist:item=2965080304&perks=3017780555,243981275,4293542123,3640170453,2890807135,2437618208
dimwishlist:item=2965080304&perks=3017780555,3523296417,4293542123,3640170453,2890807135,2437618208
dimwishlist:item=2965080304&perks=243981275,3523296417,4293542123,3640170453,2890807135,2437618208
dimwishlist:item=2965080304&perks=3017780555,243981275,3523296417,4293542123,3640170453,2437618208
dimwishlist:item=2965080304&perks=3017780555,243981275,3523296417,4293542123,2890807135,2437618208
dimwishlist:item=2965080304&perks=3017780555,243981275,3523296417,3640170453,2890807135,2437618208
dimwishlist:item=2965080304&perks=3017780555,4293542123,3640170453,2890807135,2437618208
dimwishlist:item=2965080304&perks=243981275,4293542123,3640170453,2890807135,2437618208
dimwishlist:item=2965080304&perks=3523296417,4293542123,3640170453,2890807135,2437618208
dimwishlist:item=2965080304&perks=3017780555,243981275,4293542123,3640170453,2437618208
dimwishlist:item=2965080304&perks=3017780555,243981275,4293542123,2890807135,2437618208
dimwishlist:item=2965080304&perks=3017780555,243981275,3640170453,2890807135,2437618208
dimwishlist:item=2965080304&perks=3017780555,3523296417,4293542123,3640170453,2437618208
dimwishlist:item=2965080304&perks=3017780555,3523296417,4293542123,2890807135,2437618208
dimwishlist:item=2965080304&perks=3017780555,3523296417,3640170453,2890807135,2437618208
dimwishlist:item=2965080304&perks=243981275,3523296417,4293542123,3640170453,2437618208
dimwishlist:item=2965080304&perks=243981275,3523296417,4293542123,2890807135,2437618208
dimwishlist:item=2965080304&perks=243981275,3523296417,3640170453,2890807135,2437618208
dimwishlist:item=2965080304&perks=3017780555,243981275,3523296417,4293542123,2437618208
dimwishlist:item=2965080304&perks=3017780555,243981275,3523296417,3640170453,2437618208
dimwishlist:item=2965080304&perks=3017780555,243981275,3523296417,2890807135,2437618208
dimwishlist:item=2965080304&perks=3017780555,4293542123,3640170453,2437618208
dimwishlist:item=2965080304&perks=3017780555,4293542123,2890807135,2437618208
dimwishlist:item=2965080304&perks=3017780555,3640170453,2890807135,2437618208
dimwishlist:item=2965080304&perks=243981275,4293542123,3640170453,2437618208
dimwishlist:item=2965080304&perks=243981275,4293542123,2890807135,2437618208
dimwishlist:item=2965080304&perks=243981275,3640170453,2890807135,2437618208
dimwishlist:item=2965080304&perks=3523296417,4293542123,3640170453,2437618208
dimwishlist:item=2965080304&perks=3523296417,4293542123,2890807135,2437618208
dimwishlist:item=2965080304&perks=3523296417,3640170453,2890807135,2437618208
dimwishlist:item=2965080304&perks=3017780555,243981275,4293542123,2437618208
dimwishlist:item=2965080304&perks=3017780555,243981275,3640170453,2437618208
dimwishlist:item=2965080304&perks=3017780555,243981275,2890807135,2437618208
dimwishlist:item=2965080304&perks=3017780555,3523296417,4293542123,2437618208
dimwishlist:item=2965080304&perks=3017780555,3523296417,3640170453,2437618208
dimwishlist:item=2965080304&perks=3017780555,3523296417,2890807135,2437618208
dimwishlist:item=2965080304&perks=243981275,3523296417,4293542123,2437618208
dimwishlist:item=2965080304&perks=243981275,3523296417,3640170453,2437618208
dimwishlist:item=2965080304&perks=243981275,3523296417,2890807135,2437618208
dimwishlist:item=2965080304&perks=3017780555,4293542123,2437618208
dimwishlist:item=2965080304&perks=3017780555,3640170453,2437618208
dimwishlist:item=2965080304&perks=3017780555,2890807135,2437618208
dimwishlist:item=2965080304&perks=243981275,4293542123,2437618208
dimwishlist:item=2965080304&perks=243981275,3640170453,2437618208
dimwishlist:item=2965080304&perks=243981275,2890807135,2437618208
dimwishlist:item=2965080304&perks=3523296417,4293542123,2437618208
dimwishlist:item=2965080304&perks=3523296417,3640170453,2437618208
dimwishlist:item=2965080304&perks=3523296417,2890807135,2437618208
dimwishlist:item=3293207827&perks=3017780555,243981275,4293542123,3640170453,2890807135,2437618208
dimwishlist:item=3293207827&perks=3017780555,3523296417,4293542123,3640170453,2890807135,2437618208
dimwishlist:item=3293207827&perks=243981275,3523296417,4293542123,3640170453,2890807135,2437618208
dimwishlist:item=3293207827&perks=3017780555,243981275,3523296417,4293542123,3640170453,2437618208
dimwishlist:item=3293207827&perks=3017780555,243981275,3523296417,4293542123,2890807135,2437618208
dimwishlist:item=3293207827&perks=3017780555,243981275,3523296417,3640170453,2890807135,2437618208
dimwishlist:item=3293207827&perks=3017780555,4293542123,3640170453,2890807135,2437618208
dimwishlist:item=3293207827&perks=243981275,4293542123,3640170453,2890807135,2437618208
dimwishlist:item=3293207827&perks=3523296417,4293542123,3640170453,2890807135,2437618208
dimwishlist:item=3293207827&perks=3017780555,243981275,4293542123,3640170453,2437618208
dimwishlist:item=3293207827&perks=3017780555,243981275,4293542123,2890807135,2437618208
dimwishlist:item=3293207827&perks=3017780555,243981275,3640170453,2890807135,2437618208
dimwishlist:item=3293207827&perks=3017780555,3523296417,4293542123,3640170453,2437618208
dimwishlist:item=3293207827&perks=3017780555,3523296417,4293542123,2890807135,2437618208
dimwishlist:item=3293207827&perks=3017780555,3523296417,3640170453,2890807135,2437618208
dimwishlist:item=3293207827&perks=243981275,3523296417,4293542123,3640170453,2437618208
dimwishlist:item=3293207827&perks=243981275,3523296417,4293542123,2890807135,2437618208
dimwishlist:item=3293207827&perks=243981275,3523296417,3640170453,2890807135,2437618208
dimwishlist:item=3293207827&perks=3017780555,243981275,3523296417,4293542123,2437618208
dimwishlist:item=3293207827&perks=3017780555,243981275,3523296417,3640170453,2437618208
dimwishlist:item=3293207827&perks=3017780555,243981275,3523296417,2890807135,2437618208
dimwishlist:item=3293207827&perks=3017780555,4293542123,3640170453,2437618208
dimwishlist:item=3293207827&perks=3017780555,4293542123,2890807135,2437618208
dimwishlist:item=3293207827&perks=3017780555,3640170453,2890807135,2437618208
dimwishlist:item=3293207827&perks=243981275,4293542123,3640170453,2437618208
dimwishlist:item=3293207827&perks=243981275,4293542123,2890807135,2437618208
dimwishlist:item=3293207827&perks=243981275,3640170453,2890807135,2437618208
dimwishlist:item=3293207827&perks=3523296417,4293542123,3640170453,2437618208
dimwishlist:item=3293207827&perks=3523296417,4293542123,2890807135,2437618208
dimwishlist:item=3293207827&perks=3523296417,3640170453,2890807135,2437618208
dimwishlist:item=3293207827&perks=3017780555,243981275,4293542123,2437618208
dimwishlist:item=3293207827&perks=3017780555,243981275,3640170453,2437618208
dimwishlist:item=3293207827&perks=3017780555,243981275,2890807135,2437618208
dimwishlist:item=3293207827&perks=3017780555,3523296417,4293542123,2437618208
dimwishlist:item=3293207827&perks=3017780555,3523296417,3640170453,2437618208
dimwishlist:item=3293207827&perks=3017780555,3523296417,2890807135,2437618208
dimwishlist:item=3293207827&perks=243981275,3523296417,4293542123,2437618208
dimwishlist:item=3293207827&perks=243981275,3523296417,3640170453,2437618208
dimwishlist:item=3293207827&perks=243981275,3523296417,2890807135,2437618208
dimwishlist:item=3293207827&perks=3017780555,4293542123,2437618208
dimwishlist:item=3293207827&perks=3017780555,3640170453,2437618208
dimwishlist:item=3293207827&perks=3017780555,2890807135,2437618208
dimwishlist:item=3293207827&perks=243981275,4293542123,2437618208
dimwishlist:item=3293207827&perks=243981275,3640170453,2437618208
dimwishlist:item=3293207827&perks=243981275,2890807135,2437618208
dimwishlist:item=3293207827&perks=3523296417,4293542123,2437618208
dimwishlist:item=3293207827&perks=3523296417,3640170453,2437618208
dimwishlist:item=3293207827&perks=3523296417,2890807135,2437618208


//notes:The Recluse - Rank 3, Tier S by TheAegisRelic
Column 1: Repulsor Brace, Enlightened Action
Column 2: Destabilizing Rounds, Surrounded
Origin Trait: Indomitability
dimwishlist:item=1050806815&perks=776531651,2048641572,3708227201,2489430594
dimwishlist:item=1050806815&perks=777589557,2048641572,3708227201,2489430594
dimwishlist:item=1050806815&perks=776531651,777589557,2048641572,2489430594
dimwishlist:item=1050806815&perks=776531651,777589557,3708227201,2489430594
dimwishlist:item=1050806815&perks=776531651,2048641572,2489430594
dimwishlist:item=1050806815&perks=776531651,3708227201,2489430594
dimwishlist:item=1050806815&perks=777589557,2048641572,2489430594
dimwishlist:item=1050806815&perks=777589557,3708227201,2489430594
dimwishlist:item=3098328572&perks=776531651,2048641572,3708227201,2489430594
dimwishlist:item=3098328572&perks=777589557,2048641572,3708227201,2489430594
dimwishlist:item=3098328572&perks=776531651,777589557,2048641572,2489430594
dimwishlist:item=3098328572&perks=776531651,777589557,3708227201,2489430594
dimwishlist:item=3098328572&perks=776531651,2048641572,2489430594
dimwishlist:item=3098328572&perks=776531651,3708227201,2489430594
dimwishlist:item=3098328572&perks=777589557,2048641572,2489430594
dimwishlist:item=3098328572&perks=777589557,3708227201,2489430594
dimwishlist:item=3354242550&perks=776531651,2048641572,3708227201,2489430594
dimwishlist:item=3354242550&perks=777589557,2048641572,3708227201,2489430594
dimwishlist:item=3354242550&perks=776531651,777589557,2048641572,2489430594
dimwishlist:item=3354242550&perks=776531651,777589557,3708227201,2489430594
dimwishlist:item=3354242550&perks=776531651,2048641572,2489430594
dimwishlist:item=3354242550&perks=776531651,3708227201,2489430594
dimwishlist:item=3354242550&perks=777589557,2048641572,2489430594
dimwishlist:item=3354242550&perks=777589557,3708227201,2489430594


//notes:MIDA Mini-Tool - Rank 4, Tier S by TheAegisRelic
Column 1: Heal Clip, Attrition Orbs, Loose Change
Column 2: Incandescent, Burning Ambition, Collective Pugilism
Origin Trait: Vanguard Determination
dimwishlist:item=3089417788&perks=3017780555,243981275,4293542123,2890807135,1888882410,3846229553
dimwishlist:item=3089417788&perks=3017780555,1119449540,4293542123,2890807135,1888882410,3846229553
dimwishlist:item=3089417788&perks=243981275,1119449540,4293542123,2890807135,1888882410,3846229553
dimwishlist:item=3089417788&perks=3017780555,243981275,1119449540,4293542123,2890807135,3846229553
dimwishlist:item=3089417788&perks=3017780555,243981275,1119449540,4293542123,1888882410,3846229553
dimwishlist:item=3089417788&perks=3017780555,243981275,1119449540,2890807135,1888882410,3846229553
dimwishlist:item=3089417788&perks=3017780555,4293542123,2890807135,1888882410,3846229553
dimwishlist:item=3089417788&perks=243981275,4293542123,2890807135,1888882410,3846229553
dimwishlist:item=3089417788&perks=1119449540,4293542123,2890807135,1888882410,3846229553
dimwishlist:item=3089417788&perks=3017780555,243981275,4293542123,2890807135,3846229553
dimwishlist:item=3089417788&perks=3017780555,243981275,4293542123,1888882410,3846229553
dimwishlist:item=3089417788&perks=3017780555,243981275,2890807135,1888882410,3846229553
dimwishlist:item=3089417788&perks=3017780555,1119449540,4293542123,2890807135,3846229553
dimwishlist:item=3089417788&perks=3017780555,1119449540,4293542123,1888882410,3846229553
dimwishlist:item=3089417788&perks=3017780555,1119449540,2890807135,1888882410,3846229553
dimwishlist:item=3089417788&perks=243981275,1119449540,4293542123,2890807135,3846229553
dimwishlist:item=3089417788&perks=243981275,1119449540,4293542123,1888882410,3846229553
dimwishlist:item=3089417788&perks=243981275,1119449540,2890807135,1888882410,3846229553
dimwishlist:item=3089417788&perks=3017780555,243981275,1119449540,4293542123,3846229553
dimwishlist:item=3089417788&perks=3017780555,243981275,1119449540,2890807135,3846229553
dimwishlist:item=3089417788&perks=3017780555,243981275,1119449540,1888882410,3846229553
dimwishlist:item=3089417788&perks=3017780555,4293542123,2890807135,3846229553
dimwishlist:item=3089417788&perks=3017780555,4293542123,1888882410,3846229553
dimwishlist:item=3089417788&perks=3017780555,2890807135,1888882410,3846229553
dimwishlist:item=3089417788&perks=243981275,4293542123,2890807135,3846229553
dimwishlist:item=3089417788&perks=243981275,4293542123,1888882410,3846229553
dimwishlist:item=3089417788&perks=243981275,2890807135,1888882410,3846229553
dimwishlist:item=3089417788&perks=1119449540,4293542123,2890807135,3846229553
dimwishlist:item=3089417788&perks=1119449540,4293542123,1888882410,3846229553
dimwishlist:item=3089417788&perks=1119449540,2890807135,1888882410,3846229553
dimwishlist:item=3089417788&perks=3017780555,243981275,4293542123,3846229553
dimwishlist:item=3089417788&perks=3017780555,243981275,2890807135,3846229553
dimwishlist:item=3089417788&perks=3017780555,243981275,1888882410,3846229553
dimwishlist:item=3089417788&perks=3017780555,1119449540,4293542123,3846229553
dimwishlist:item=3089417788&perks=3017780555,1119449540,2890807135,3846229553
dimwishlist:item=3089417788&perks=3017780555,1119449540,1888882410,3846229553
dimwishlist:item=3089417788&perks=243981275,1119449540,4293542123,3846229553
dimwishlist:item=3089417788&perks=243981275,1119449540,2890807135,3846229553
dimwishlist:item=3089417788&perks=243981275,1119449540,1888882410,3846229553
dimwishlist:item=3089417788&perks=3017780555,4293542123,3846229553
dimwishlist:item=3089417788&perks=3017780555,2890807135,3846229553
dimwishlist:item=3089417788&perks=3017780555,1888882410,3846229553
dimwishlist:item=3089417788&perks=243981275,4293542123,3846229553
dimwishlist:item=3089417788&perks=243981275,2890807135,3846229553
dimwishlist:item=3089417788&perks=243981275,1888882410,3846229553
dimwishlist:item=3089417788&perks=1119449540,4293542123,3846229553
dimwishlist:item=3089417788&perks=1119449540,2890807135,3846229553
dimwishlist:item=3089417788&perks=1119449540,1888882410,3846229553
dimwishlist:item=3946054154&perks=3017780555,243981275,4293542123,2890807135,1888882410,3846229553
dimwishlist:item=3946054154&perks=3017780555,1119449540,4293542123,2890807135,1888882410,3846229553
dimwishlist:item=3946054154&perks=243981275,1119449540,4293542123,2890807135,1888882410,3846229553
dimwishlist:item=3946054154&perks=3017780555,243981275,1119449540,4293542123,2890807135,3846229553
dimwishlist:item=3946054154&perks=3017780555,243981275,1119449540,4293542123,1888882410,3846229553
dimwishlist:item=3946054154&perks=3017780555,243981275,1119449540,2890807135,1888882410,3846229553
dimwishlist:item=3946054154&perks=3017780555,4293542123,2890807135,1888882410,3846229553
dimwishlist:item=3946054154&perks=243981275,4293542123,2890807135,1888882410,3846229553
dimwishlist:item=3946054154&perks=1119449540,4293542123,2890807135,1888882410,3846229553
dimwishlist:item=3946054154&perks=3017780555,243981275,4293542123,2890807135,3846229553
dimwishlist:item=3946054154&perks=3017780555,243981275,4293542123,1888882410,3846229553
dimwishlist:item=3946054154&perks=3017780555,243981275,2890807135,1888882410,3846229553
dimwishlist:item=3946054154&perks=3017780555,1119449540,4293542123,2890807135,3846229553
dimwishlist:item=3946054154&perks=3017780555,1119449540,4293542123,1888882410,3846229553
dimwishlist:item=3946054154&perks=3017780555,1119449540,2890807135,1888882410,3846229553
dimwishlist:item=3946054154&perks=243981275,1119449540,4293542123,2890807135,3846229553
dimwishlist:item=3946054154&perks=243981275,1119449540,4293542123,1888882410,3846229553
dimwishlist:item=3946054154&perks=243981275,1119449540,2890807135,1888882410,3846229553
dimwishlist:item=3946054154&perks=3017780555,243981275,1119449540,4293542123,3846229553
dimwishlist:item=3946054154&perks=3017780555,243981275,1119449540,2890807135,3846229553
dimwishlist:item=3946054154&perks=3017780555,243981275,1119449540,1888882410,3846229553
dimwishlist:item=3946054154&perks=3017780555,4293542123,2890807135,3846229553
dimwishlist:item=3946054154&perks=3017780555,4293542123,1888882410,3846229553
dimwishlist:item=3946054154&perks=3017780555,2890807135,1888882410,3846229553
dimwishlist:item=3946054154&perks=243981275,4293542123,2890807135,3846229553
dimwishlist:item=3946054154&perks=243981275,4293542123,1888882410,3846229553
dimwishlist:item=3946054154&perks=243981275,2890807135,1888882410,3846229553
dimwishlist:item=3946054154&perks=1119449540,4293542123,2890807135,3846229553
dimwishlist:item=3946054154&perks=1119449540,4293542123,1888882410,3846229553
dimwishlist:item=3946054154&perks=1119449540,2890807135,1888882410,3846229553
dimwishlist:item=3946054154&perks=3017780555,243981275,4293542123,3846229553
dimwishlist:item=3946054154&perks=3017780555,243981275,2890807135,3846229553
dimwishlist:item=3946054154&perks=3017780555,243981275,1888882410,3846229553
dimwishlist:item=3946054154&perks=3017780555,1119449540,4293542123,3846229553
dimwishlist:item=3946054154&perks=3017780555,1119449540,2890807135,3846229553
dimwishlist:item=3946054154&perks=3017780555,1119449540,1888882410,3846229553
dimwishlist:item=3946054154&perks=243981275,1119449540,4293542123,3846229553
dimwishlist:item=3946054154&perks=243981275,1119449540,2890807135,3846229553
dimwishlist:item=3946054154&perks=243981275,1119449540,1888882410,3846229553
dimwishlist:item=3946054154&perks=3017780555,4293542123,3846229553
dimwishlist:item=3946054154&perks=3017780555,2890807135,3846229553
dimwishlist:item=3946054154&perks=3017780555,1888882410,3846229553
dimwishlist:item=3946054154&perks=243981275,4293542123,3846229553
dimwishlist:item=3946054154&perks=243981275,2890807135,3846229553
dimwishlist:item=3946054154&perks=243981275,1888882410,3846229553
dimwishlist:item=3946054154&perks=1119449540,4293542123,3846229553
dimwishlist:item=3946054154&perks=1119449540,2890807135,3846229553
dimwishlist:item=3946054154&perks=1119449540,1888882410,3846229553


//notes:Antedate - Rank 5, Tier S by TheAegisRelic
Column 1: Dragonfly, Rewind Rounds, Rolling Storm
Column 2: Jolting Feedback, Target Lock, Desperate Measures
Origin Trait: Frame of Reference
dimwishlist:item=1435808083&perks=2848615171,2578928832,3966416502,365154968,2109543898,2597494435
dimwishlist:item=1435808083&perks=2848615171,3218042543,3966416502,365154968,2109543898,2597494435
dimwishlist:item=1435808083&perks=2578928832,3218042543,3966416502,365154968,2109543898,2597494435
dimwishlist:item=1435808083&perks=2848615171,2578928832,3218042543,3966416502,365154968,2597494435
dimwishlist:item=1435808083&perks=2848615171,2578928832,3218042543,3966416502,2109543898,2597494435
dimwishlist:item=1435808083&perks=2848615171,2578928832,3218042543,365154968,2109543898,2597494435
dimwishlist:item=1435808083&perks=2848615171,3966416502,365154968,2109543898,2597494435
dimwishlist:item=1435808083&perks=2578928832,3966416502,365154968,2109543898,2597494435
dimwishlist:item=1435808083&perks=3218042543,3966416502,365154968,2109543898,2597494435
dimwishlist:item=1435808083&perks=2848615171,2578928832,3966416502,365154968,2597494435
dimwishlist:item=1435808083&perks=2848615171,2578928832,3966416502,2109543898,2597494435
dimwishlist:item=1435808083&perks=2848615171,2578928832,365154968,2109543898,2597494435
dimwishlist:item=1435808083&perks=2848615171,3218042543,3966416502,365154968,2597494435
dimwishlist:item=1435808083&perks=2848615171,3218042543,3966416502,2109543898,2597494435
dimwishlist:item=1435808083&perks=2848615171,3218042543,365154968,2109543898,2597494435
dimwishlist:item=1435808083&perks=2578928832,3218042543,3966416502,365154968,2597494435
dimwishlist:item=1435808083&perks=2578928832,3218042543,3966416502,2109543898,2597494435
dimwishlist:item=1435808083&perks=2578928832,3218042543,365154968,2109543898,2597494435
dimwishlist:item=1435808083&perks=2848615171,2578928832,3218042543,3966416502,2597494435
dimwishlist:item=1435808083&perks=2848615171,2578928832,3218042543,365154968,2597494435
dimwishlist:item=1435808083&perks=2848615171,2578928832,3218042543,2109543898,2597494435
dimwishlist:item=1435808083&perks=2848615171,3966416502,365154968,2597494435
dimwishlist:item=1435808083&perks=2848615171,3966416502,2109543898,2597494435
dimwishlist:item=1435808083&perks=2848615171,365154968,2109543898,2597494435
dimwishlist:item=1435808083&perks=2578928832,3966416502,365154968,2597494435
dimwishlist:item=1435808083&perks=2578928832,3966416502,2109543898,2597494435
dimwishlist:item=1435808083&perks=2578928832,365154968,2109543898,2597494435
dimwishlist:item=1435808083&perks=3218042543,3966416502,365154968,2597494435
dimwishlist:item=1435808083&perks=3218042543,3966416502,2109543898,2597494435
dimwishlist:item=1435808083&perks=3218042543,365154968,2109543898,2597494435
dimwishlist:item=1435808083&perks=2848615171,2578928832,3966416502,2597494435
dimwishlist:item=1435808083&perks=2848615171,2578928832,365154968,2597494435
dimwishlist:item=1435808083&perks=2848615171,2578928832,2109543898,2597494435
dimwishlist:item=1435808083&perks=2848615171,3218042543,3966416502,2597494435
dimwishlist:item=1435808083&perks=2848615171,3218042543,365154968,2597494435
dimwishlist:item=1435808083&perks=2848615171,3218042543,2109543898,2597494435
dimwishlist:item=1435808083&perks=2578928832,3218042543,3966416502,2597494435
dimwishlist:item=1435808083&perks=2578928832,3218042543,365154968,2597494435
dimwishlist:item=1435808083&perks=2578928832,3218042543,2109543898,2597494435
dimwishlist:item=1435808083&perks=2848615171,3966416502,2597494435
dimwishlist:item=1435808083&perks=2848615171,365154968,2597494435
dimwishlist:item=1435808083&perks=2848615171,2109543898,2597494435
dimwishlist:item=1435808083&perks=2578928832,3966416502,2597494435
dimwishlist:item=1435808083&perks=2578928832,365154968,2597494435
dimwishlist:item=1435808083&perks=2578928832,2109543898,2597494435
dimwishlist:item=1435808083&perks=3218042543,3966416502,2597494435
dimwishlist:item=1435808083&perks=3218042543,365154968,2597494435
dimwishlist:item=1435808083&perks=3218042543,2109543898,2597494435


//notes:The Title - Rank 6, Tier S by TheAegisRelic
Column 1: Repulsor Brace, Threat Detector
Column 2: Destabilizing Rounds, Surrounded
Origin Trait: Hakke Breach Armaments
dimwishlist:item=55393445&perks=776531651,2048641572,3708227201,1607056502
dimwishlist:item=55393445&perks=4071163871,2048641572,3708227201,1607056502
dimwishlist:item=55393445&perks=776531651,4071163871,2048641572,1607056502
dimwishlist:item=55393445&perks=776531651,4071163871,3708227201,1607056502
dimwishlist:item=55393445&perks=776531651,2048641572,1607056502
dimwishlist:item=55393445&perks=776531651,3708227201,1607056502
dimwishlist:item=55393445&perks=4071163871,2048641572,1607056502
dimwishlist:item=55393445&perks=4071163871,3708227201,1607056502
dimwishlist:item=294129361&perks=776531651,2048641572,3708227201,1607056502
dimwishlist:item=294129361&perks=4071163871,2048641572,3708227201,1607056502
dimwishlist:item=294129361&perks=776531651,4071163871,2048641572,1607056502
dimwishlist:item=294129361&perks=776531651,4071163871,3708227201,1607056502
dimwishlist:item=294129361&perks=776531651,2048641572,1607056502
dimwishlist:item=294129361&perks=776531651,3708227201,1607056502
dimwishlist:item=294129361&perks=4071163871,2048641572,1607056502
dimwishlist:item=294129361&perks=4071163871,3708227201,1607056502
dimwishlist:item=655712834&perks=776531651,2048641572,3708227201,1607056502
dimwishlist:item=655712834&perks=4071163871,2048641572,3708227201,1607056502
dimwishlist:item=655712834&perks=776531651,4071163871,2048641572,1607056502
dimwishlist:item=655712834&perks=776531651,4071163871,3708227201,1607056502
dimwishlist:item=655712834&perks=776531651,2048641572,1607056502
dimwishlist:item=655712834&perks=776531651,3708227201,1607056502
dimwishlist:item=655712834&perks=4071163871,2048641572,1607056502
dimwishlist:item=655712834&perks=4071163871,3708227201,1607056502
dimwishlist:item=3559361670&perks=776531651,2048641572,3708227201,1607056502
dimwishlist:item=3559361670&perks=4071163871,2048641572,3708227201,1607056502
dimwishlist:item=3559361670&perks=776531651,4071163871,2048641572,1607056502
dimwishlist:item=3559361670&perks=776531651,4071163871,3708227201,1607056502
dimwishlist:item=3559361670&perks=776531651,2048641572,1607056502
dimwishlist:item=3559361670&perks=776531651,3708227201,1607056502
dimwishlist:item=3559361670&perks=4071163871,2048641572,1607056502
dimwishlist:item=3559361670&perks=4071163871,3708227201,1607056502


//notes:Gunburn - Rank 7, Tier A by TheAegisRelic
Column 1: Bewildering Burst, Lead from Light, Pugilist
Column 2: Kinetic Tremors, Ancillary Ordinance, Attrition Orbs
Origin Trait: Veist Stinger
dimwishlist:item=72775246&perks=2289534249,1570399071,3891536761,1202584452,243981275,3988215619
dimwishlist:item=72775246&perks=2289534249,691659142,3891536761,1202584452,243981275,3988215619
dimwishlist:item=72775246&perks=1570399071,691659142,3891536761,1202584452,243981275,3988215619
dimwishlist:item=72775246&perks=2289534249,1570399071,691659142,3891536761,1202584452,3988215619
dimwishlist:item=72775246&perks=2289534249,1570399071,691659142,3891536761,243981275,3988215619
dimwishlist:item=72775246&perks=2289534249,1570399071,691659142,1202584452,243981275,3988215619
dimwishlist:item=72775246&perks=2289534249,3891536761,1202584452,243981275,3988215619
dimwishlist:item=72775246&perks=1570399071,3891536761,1202584452,243981275,3988215619
dimwishlist:item=72775246&perks=691659142,3891536761,1202584452,243981275,3988215619
dimwishlist:item=72775246&perks=2289534249,1570399071,3891536761,1202584452,3988215619
dimwishlist:item=72775246&perks=2289534249,1570399071,3891536761,243981275,3988215619
dimwishlist:item=72775246&perks=2289534249,1570399071,1202584452,243981275,3988215619
dimwishlist:item=72775246&perks=2289534249,691659142,3891536761,1202584452,3988215619
dimwishlist:item=72775246&perks=2289534249,691659142,3891536761,243981275,3988215619
dimwishlist:item=72775246&perks=2289534249,691659142,1202584452,243981275,3988215619
dimwishlist:item=72775246&perks=1570399071,691659142,3891536761,1202584452,3988215619
dimwishlist:item=72775246&perks=1570399071,691659142,3891536761,243981275,3988215619
dimwishlist:item=72775246&perks=1570399071,691659142,1202584452,243981275,3988215619
dimwishlist:item=72775246&perks=2289534249,1570399071,691659142,3891536761,3988215619
dimwishlist:item=72775246&perks=2289534249,1570399071,691659142,1202584452,3988215619
dimwishlist:item=72775246&perks=2289534249,1570399071,691659142,243981275,3988215619
dimwishlist:item=72775246&perks=2289534249,3891536761,1202584452,3988215619
dimwishlist:item=72775246&perks=2289534249,3891536761,243981275,3988215619
dimwishlist:item=72775246&perks=2289534249,1202584452,243981275,3988215619
dimwishlist:item=72775246&perks=1570399071,3891536761,1202584452,3988215619
dimwishlist:item=72775246&perks=1570399071,3891536761,243981275,3988215619
dimwishlist:item=72775246&perks=1570399071,1202584452,243981275,3988215619
dimwishlist:item=72775246&perks=691659142,3891536761,1202584452,3988215619
dimwishlist:item=72775246&perks=691659142,3891536761,243981275,3988215619
dimwishlist:item=72775246&perks=691659142,1202584452,243981275,3988215619
dimwishlist:item=72775246&perks=2289534249,1570399071,3891536761,3988215619
dimwishlist:item=72775246&perks=2289534249,1570399071,1202584452,3988215619
dimwishlist:item=72775246&perks=2289534249,1570399071,243981275,3988215619
dimwishlist:item=72775246&perks=2289534249,691659142,3891536761,3988215619
dimwishlist:item=72775246&perks=2289534249,691659142,1202584452,3988215619
dimwishlist:item=72775246&perks=2289534249,691659142,243981275,3988215619
dimwishlist:item=72775246&perks=1570399071,691659142,3891536761,3988215619
dimwishlist:item=72775246&perks=1570399071,691659142,1202584452,3988215619
dimwishlist:item=72775246&perks=1570399071,691659142,243981275,3988215619
dimwishlist:item=72775246&perks=2289534249,3891536761,3988215619
dimwishlist:item=72775246&perks=2289534249,1202584452,3988215619
dimwishlist:item=72775246&perks=2289534249,243981275,3988215619
dimwishlist:item=72775246&perks=1570399071,3891536761,3988215619
dimwishlist:item=72775246&perks=1570399071,1202584452,3988215619
dimwishlist:item=72775246&perks=1570399071,243981275,3988215619
dimwishlist:item=72775246&perks=691659142,3891536761,3988215619
dimwishlist:item=72775246&perks=691659142,1202584452,3988215619
dimwishlist:item=72775246&perks=691659142,243981275,3988215619
dimwishlist:item=3431536253&perks=2289534249,1570399071,3891536761,1202584452,243981275,3988215619
dimwishlist:item=3431536253&perks=2289534249,691659142,3891536761,1202584452,243981275,3988215619
dimwishlist:item=3431536253&perks=1570399071,691659142,3891536761,1202584452,243981275,3988215619
dimwishlist:item=3431536253&perks=2289534249,1570399071,691659142,3891536761,1202584452,3988215619
dimwishlist:item=3431536253&perks=2289534249,1570399071,691659142,3891536761,243981275,3988215619
dimwishlist:item=3431536253&perks=2289534249,1570399071,691659142,1202584452,243981275,3988215619
dimwishlist:item=3431536253&perks=2289534249,3891536761,1202584452,243981275,3988215619
dimwishlist:item=3431536253&perks=1570399071,3891536761,1202584452,243981275,3988215619
dimwishlist:item=3431536253&perks=691659142,3891536761,1202584452,243981275,3988215619
dimwishlist:item=3431536253&perks=2289534249,1570399071,3891536761,1202584452,3988215619
dimwishlist:item=3431536253&perks=2289534249,1570399071,3891536761,243981275,3988215619
dimwishlist:item=3431536253&perks=2289534249,1570399071,1202584452,243981275,3988215619
dimwishlist:item=3431536253&perks=2289534249,691659142,3891536761,1202584452,3988215619
dimwishlist:item=3431536253&perks=2289534249,691659142,3891536761,243981275,3988215619
dimwishlist:item=3431536253&perks=2289534249,691659142,1202584452,243981275,3988215619
dimwishlist:item=3431536253&perks=1570399071,691659142,3891536761,1202584452,3988215619
dimwishlist:item=3431536253&perks=1570399071,691659142,3891536761,243981275,3988215619
dimwishlist:item=3431536253&perks=1570399071,691659142,1202584452,243981275,3988215619
dimwishlist:item=3431536253&perks=2289534249,1570399071,691659142,3891536761,3988215619
dimwishlist:item=3431536253&perks=2289534249,1570399071,691659142,1202584452,3988215619
dimwishlist:item=3431536253&perks=2289534249,1570399071,691659142,243981275,3988215619
dimwishlist:item=3431536253&perks=2289534249,3891536761,1202584452,3988215619
dimwishlist:item=3431536253&perks=2289534249,3891536761,243981275,3988215619
dimwishlist:item=3431536253&perks=2289534249,1202584452,243981275,3988215619
dimwishlist:item=3431536253&perks=1570399071,3891536761,1202584452,3988215619
dimwishlist:item=3431536253&perks=1570399071,3891536761,243981275,3988215619
dimwishlist:item=3431536253&perks=1570399071,1202584452,243981275,3988215619
dimwishlist:item=3431536253&perks=691659142,3891536761,1202584452,3988215619
dimwishlist:item=3431536253&perks=691659142,3891536761,243981275,3988215619
dimwishlist:item=3431536253&perks=691659142,1202584452,243981275,3988215619
dimwishlist:item=3431536253&perks=2289534249,1570399071,3891536761,3988215619
dimwishlist:item=3431536253&perks=2289534249,1570399071,1202584452,3988215619
dimwishlist:item=3431536253&perks=2289534249,1570399071,243981275,3988215619
dimwishlist:item=3431536253&perks=2289534249,691659142,3891536761,3988215619
dimwishlist:item=3431536253&perks=2289534249,691659142,1202584452,3988215619
dimwishlist:item=3431536253&perks=2289534249,691659142,243981275,3988215619
dimwishlist:item=3431536253&perks=1570399071,691659142,3891536761,3988215619
dimwishlist:item=3431536253&perks=1570399071,691659142,1202584452,3988215619
dimwishlist:item=3431536253&perks=1570399071,691659142,243981275,3988215619
dimwishlist:item=3431536253&perks=2289534249,3891536761,3988215619
dimwishlist:item=3431536253&perks=2289534249,1202584452,3988215619
dimwishlist:item=3431536253&perks=2289534249,243981275,3988215619
dimwishlist:item=3431536253&perks=1570399071,3891536761,3988215619
dimwishlist:item=3431536253&perks=1570399071,1202584452,3988215619
dimwishlist:item=3431536253&perks=1570399071,243981275,3988215619
dimwishlist:item=3431536253&perks=691659142,3891536761,3988215619
dimwishlist:item=3431536253&perks=691659142,1202584452,3988215619
dimwishlist:item=3431536253&perks=691659142,243981275,3988215619


//notes:Imminence - Rank 8, Tier A by TheAegisRelic
Column 1: Demolitionist, Slice, Enlightened Action
Column 2: Firefly, Chaos Reshaped, Hatchling
Origin Trait: Collective Purpose
dimwishlist:item=1258168956&perks=3523296417,923806249,1561789734,3640170453,831391274,1878756191
dimwishlist:item=1258168956&perks=3523296417,777589557,1561789734,3640170453,831391274,1878756191
dimwishlist:item=1258168956&perks=923806249,777589557,1561789734,3640170453,831391274,1878756191
dimwishlist:item=1258168956&perks=3523296417,923806249,777589557,1561789734,3640170453,1878756191
dimwishlist:item=1258168956&perks=3523296417,923806249,777589557,1561789734,831391274,1878756191
dimwishlist:item=1258168956&perks=3523296417,923806249,777589557,3640170453,831391274,1878756191
dimwishlist:item=1258168956&perks=3523296417,1561789734,3640170453,831391274,1878756191
dimwishlist:item=1258168956&perks=923806249,1561789734,3640170453,831391274,1878756191
dimwishlist:item=1258168956&perks=777589557,1561789734,3640170453,831391274,1878756191
dimwishlist:item=1258168956&perks=3523296417,923806249,1561789734,3640170453,1878756191
dimwishlist:item=1258168956&perks=3523296417,923806249,1561789734,831391274,1878756191
dimwishlist:item=1258168956&perks=3523296417,923806249,3640170453,831391274,1878756191
dimwishlist:item=1258168956&perks=3523296417,777589557,1561789734,3640170453,1878756191
dimwishlist:item=1258168956&perks=3523296417,777589557,1561789734,831391274,1878756191
dimwishlist:item=1258168956&perks=3523296417,777589557,3640170453,831391274,1878756191
dimwishlist:item=1258168956&perks=923806249,777589557,1561789734,3640170453,1878756191
dimwishlist:item=1258168956&perks=923806249,777589557,1561789734,831391274,1878756191
dimwishlist:item=1258168956&perks=923806249,777589557,3640170453,831391274,1878756191
dimwishlist:item=1258168956&perks=3523296417,923806249,777589557,1561789734,1878756191
dimwishlist:item=1258168956&perks=3523296417,923806249,777589557,3640170453,1878756191
dimwishlist:item=1258168956&perks=3523296417,923806249,777589557,831391274,1878756191
dimwishlist:item=1258168956&perks=3523296417,1561789734,3640170453,1878756191
dimwishlist:item=1258168956&perks=3523296417,1561789734,831391274,1878756191
dimwishlist:item=1258168956&perks=3523296417,3640170453,831391274,1878756191
dimwishlist:item=1258168956&perks=923806249,1561789734,3640170453,1878756191
dimwishlist:item=1258168956&perks=923806249,1561789734,831391274,1878756191
dimwishlist:item=1258168956&perks=923806249,3640170453,831391274,1878756191
dimwishlist:item=1258168956&perks=777589557,1561789734,3640170453,1878756191
dimwishlist:item=1258168956&perks=777589557,1561789734,831391274,1878756191
dimwishlist:item=1258168956&perks=777589557,3640170453,831391274,1878756191
dimwishlist:item=1258168956&perks=3523296417,923806249,1561789734,1878756191
dimwishlist:item=1258168956&perks=3523296417,923806249,3640170453,1878756191
dimwishlist:item=1258168956&perks=3523296417,923806249,831391274,1878756191
dimwishlist:item=1258168956&perks=3523296417,777589557,1561789734,1878756191
dimwishlist:item=1258168956&perks=3523296417,777589557,3640170453,1878756191
dimwishlist:item=1258168956&perks=3523296417,777589557,831391274,1878756191
dimwishlist:item=1258168956&perks=923806249,777589557,1561789734,1878756191
dimwishlist:item=1258168956&perks=923806249,777589557,3640170453,1878756191
dimwishlist:item=1258168956&perks=923806249,777589557,831391274,1878756191
dimwishlist:item=1258168956&perks=3523296417,1561789734,1878756191
dimwishlist:item=1258168956&perks=3523296417,3640170453,1878756191
dimwishlist:item=1258168956&perks=3523296417,831391274,1878756191
dimwishlist:item=1258168956&perks=923806249,1561789734,1878756191
dimwishlist:item=1258168956&perks=923806249,3640170453,1878756191
dimwishlist:item=1258168956&perks=923806249,831391274,1878756191
dimwishlist:item=1258168956&perks=777589557,1561789734,1878756191
dimwishlist:item=1258168956&perks=777589557,3640170453,1878756191
dimwishlist:item=1258168956&perks=777589557,831391274,1878756191
dimwishlist:item=3951511045&perks=3523296417,923806249,1561789734,3640170453,831391274,1878756191
dimwishlist:item=3951511045&perks=3523296417,777589557,1561789734,3640170453,831391274,1878756191
dimwishlist:item=3951511045&perks=923806249,777589557,1561789734,3640170453,831391274,1878756191
dimwishlist:item=3951511045&perks=3523296417,923806249,777589557,1561789734,3640170453,1878756191
dimwishlist:item=3951511045&perks=3523296417,923806249,777589557,1561789734,831391274,1878756191
dimwishlist:item=3951511045&perks=3523296417,923806249,777589557,3640170453,831391274,1878756191
dimwishlist:item=3951511045&perks=3523296417,1561789734,3640170453,831391274,1878756191
dimwishlist:item=3951511045&perks=923806249,1561789734,3640170453,831391274,1878756191
dimwishlist:item=3951511045&perks=777589557,1561789734,3640170453,831391274,1878756191
dimwishlist:item=3951511045&perks=3523296417,923806249,1561789734,3640170453,1878756191
dimwishlist:item=3951511045&perks=3523296417,923806249,1561789734,831391274,1878756191
dimwishlist:item=3951511045&perks=3523296417,923806249,3640170453,831391274,1878756191
dimwishlist:item=3951511045&perks=3523296417,777589557,1561789734,3640170453,1878756191
dimwishlist:item=3951511045&perks=3523296417,777589557,1561789734,831391274,1878756191
dimwishlist:item=3951511045&perks=3523296417,777589557,3640170453,831391274,1878756191
dimwishlist:item=3951511045&perks=923806249,777589557,1561789734,3640170453,1878756191
dimwishlist:item=3951511045&perks=923806249,777589557,1561789734,831391274,1878756191
dimwishlist:item=3951511045&perks=923806249,777589557,3640170453,831391274,1878756191
dimwishlist:item=3951511045&perks=3523296417,923806249,777589557,1561789734,1878756191
dimwishlist:item=3951511045&perks=3523296417,923806249,777589557,3640170453,1878756191
dimwishlist:item=3951511045&perks=3523296417,923806249,777589557,831391274,1878756191
dimwishlist:item=3951511045&perks=3523296417,1561789734,3640170453,1878756191
dimwishlist:item=3951511045&perks=3523296417,1561789734,831391274,1878756191
dimwishlist:item=3951511045&perks=3523296417,3640170453,831391274,1878756191
dimwishlist:item=3951511045&perks=923806249,1561789734,3640170453,1878756191
dimwishlist:item=3951511045&perks=923806249,1561789734,831391274,1878756191
dimwishlist:item=3951511045&perks=923806249,3640170453,831391274,1878756191
dimwishlist:item=3951511045&perks=777589557,1561789734,3640170453,1878756191
dimwishlist:item=3951511045&perks=777589557,1561789734,831391274,1878756191
dimwishlist:item=3951511045&perks=777589557,3640170453,831391274,1878756191
dimwishlist:item=3951511045&perks=3523296417,923806249,1561789734,1878756191
dimwishlist:item=3951511045&perks=3523296417,923806249,3640170453,1878756191
dimwishlist:item=3951511045&perks=3523296417,923806249,831391274,1878756191
dimwishlist:item=3951511045&perks=3523296417,777589557,1561789734,1878756191
dimwishlist:item=3951511045&perks=3523296417,777589557,3640170453,1878756191
dimwishlist:item=3951511045&perks=3523296417,777589557,831391274,1878756191
dimwishlist:item=3951511045&perks=923806249,777589557,1561789734,1878756191
dimwishlist:item=3951511045&perks=923806249,777589557,3640170453,1878756191
dimwishlist:item=3951511045&perks=923806249,777589557,831391274,1878756191
dimwishlist:item=3951511045&perks=3523296417,1561789734,1878756191
dimwishlist:item=3951511045&perks=3523296417,3640170453,1878756191
dimwishlist:item=3951511045&perks=3523296417,831391274,1878756191
dimwishlist:item=3951511045&perks=923806249,1561789734,1878756191
dimwishlist:item=3951511045&perks=923806249,3640170453,1878756191
dimwishlist:item=3951511045&perks=923806249,831391274,1878756191
dimwishlist:item=3951511045&perks=777589557,1561789734,1878756191
dimwishlist:item=3951511045&perks=777589557,3640170453,1878756191
dimwishlist:item=3951511045&perks=777589557,831391274,1878756191


//notes:Noxious Vetiver - Rank 11, Tier A by TheAegisRelic
Column 1: Attrition Orbs, Loose Change, Pugilist
Column 2: Jolting Feedback
Origin Trait: Dark Ether Reaper
dimwishlist:item=825495813&perks=243981275,1119449540,3966416502,2041432007
dimwishlist:item=825495813&perks=243981275,691659142,3966416502,2041432007
dimwishlist:item=825495813&perks=1119449540,691659142,3966416502,2041432007
dimwishlist:item=825495813&perks=243981275,3966416502,2041432007
dimwishlist:item=825495813&perks=1119449540,3966416502,2041432007
dimwishlist:item=825495813&perks=691659142,3966416502,2041432007